-4194344367
-272488054
-1981383976
-9110211479
3267184589
-18604444139
-673253573
-10371847683
11258172275
-358958444
-4475956520
2015401173
6665158990
-11491367822
5477246460
-8282303044
10220010946
-3765815650
-1558869015
-4345836079
-13091184252
-130251431
-3439840255
-6669530783
1772121771
-1223555963
14193350076
7257212568
-1768066525
802557253
4256653589
4269627189
7836308395
6770871327
-1902271710
-10835058081
5952921338
-22275439308
-11028587754
4086397417
-16596820717
9109567623
3277632624
-7920842651
5754086837
1030434560
3079733863
8428498915
-6845523250
-5874822701
8782884147
1626675524
12625319514
19041974883
6900299831
-6503689660
13703948541
3615322632
-2554061858
-17599721459
-6233653197
-6379656611
4417100112
573097862
474959554
-4171126121
1007765764
6205566780
-5937668164
-11006006722
-9245588315
2846302486
1093248407
19451128222
-29709512
4640238638
-21261510005
-7157350855
14348102158
12579095026
-551556777
1089237173
-11670168113
5369056391
8448332757
8545342273
5934356024
-4883209540
18714633605
13721440596
