14781,14931,10956,18760,19958,11476,18351,8257,12988,9885,8631,10944.0,13257,17519,13263,8078,15594,18249,9125,14745,15108,16909,12336,10811,7615,11225,19118,19906,12921,11349,11881,8746,11119,12222,16664,11685,7795,10764.0,13733,18625,14217,8592,12210,16491,10821,19869
15397,8928,12415,19135,9562,16619,14296,18677,12432.0,7560,15744,16916,10328,15089,12848,15997,17519.5,19042,13066,11822,18471,18703,8147
19119,17661,18163,14288,16819,14325,8220,11886,19597,14557.0,9517,12802,7559,17233,15942,9314,8921,10318,15280,14045,12829,16126,8711.0,8639,15975,11266,11446,16921
9518,10877,19124,14023,12608,8505,16982,7958,12179,11245,12479,10686,14593,15929,10896,9875,11049,8568,9957.0,11346,12035,14696
10615,12387,10981,16534,16957,11175,9081,8560,14954,7681,9933,15192,8806,19991,10725,18812,19993
13308,9019,8452,10508,9775,17998,13338,18133,8096,15890,7982,17366,11567,7495,18503,9487,19440,9002,13304,19055,9667,7549,15352,12668,13775,13671,14021,9442,8146,15574,14014,13476,11183,18806,15525
15828,14671,19608,11700,8272,11101,19752,13859,12782,17591,8141,16202,12157,14797,17218,16595,19987,10159,9036,9856,18743,10446
19342,7407,11643,7453,10062,18898,11965,11157,13188,8507.0,15715,8422,17586,16486,10457,14406,13369,14457,8275.5,14097,8830,19207,9165,7602,9142,10970,11871,19255,9205,15256,18808,10093,8830,8136,13752,19665,8443,16430,12112,11263,12995
14776,14604,18594,12329,14937,10004,11635,14194,9936.0,18220,19880,19879,7899,11714,17712,19241,11176,12819,10147,19386,16401
10963,8809,14566,8881,8424,18305,8312,14254,8424,19611,19415,12416,7588.0,9292,8876,12019,7747.5,10839,15397.0,19955,13702,17855,18141,14858,13519,17081,17883,7607,12845,10631,7715,11848
18141,8426,14701,8796,15728,14866,19786,12368,14063,16573,7656,10372,17766
13999,18812,7873,16422,18088,15188,10310,18459,15694,17812,18344.5,18877,11521,18758,16145,15542,10626,11987,19840,9232,18283,12474,19243,11859,8084.0,15340,12899,13127,7660,12126,7816,18683,18659,8185,12921
15993,7987,8660,10335,12241,10131,12028,18196,9395,13768,15894,16936,15327,11588,10165,13250.0,16335,19197,7561,13779,12337.0,17646,12479,13502,11449.0,19417,16857,17166,15293,10437,7422,12998,12329,9804,13178.5,16553,19170
15103,13559,11193,11366,18312,15120,15209,8904,17117,14684,13153,10600,9278,8875.5,8473,9116,7586,9247.5,10909,9119.5,10876,11270,19013,16645,14359,17195,11497,15922,11456,13576,19996,14083,15959
10967,11749,16663,8438,18156,16914,14768,11943,7809,15344,17856,13070,11468,12768,9447,17431,12771,14967,13323,19001,11233,11477,19146,15409,10329,18174,8528,15034,14250,18630,12307,18680,9685,11901,16513,12228,19964,14286,14886.0,15486,10515,10777
16691,13009,17077,14576,17893,19917,11845,18322,17075,13582,14894.5,16207,8947,15214,18940,13468,11819,7731,15139,9274,13384,9632,8622,17074,7549,14961,10461.5,19795,12423,17668,7914,14311,14104,12419.0,10734,11457,7662,13660,19128,19638
10421,10793,11490,18740,8213,11724,18311,8443.0,11007,13074,11380,12759,12116,19545,11567,16873,9998,7543,16540,11709,15274,8702,10584.0,18044,7457,18611,9038,7689,13149.5,18610,8361,7718,15124,10767
13608,16586,19622,7983,14383,16283,10677,17130,18356,7889,15530,12976.0,10422,8803.0,16484,8932,11572,17921,10886,9287,16850,12937
8047,12578,19593,7566,9871,17868,17357,7898
17651,14684,15781,18985,19877,10785,11060,7663,11896,9755,10071,10830,12526,13000,12885,7412.5,16186,9903,18166,11042,8025,11899,8983,14811,11848,9300,9215,18730,10355,13728,9464,19712
12457,9016,19501,17534,14834,13218,10227,12286,19426,8884,10539,11747,14449,17582,14538,9783,19813,18964,15960,8710.0,12478,15284,9930,16622,19191,14349,14956,8860,14456,12138,11829,15258,10849,13164,16140,10862,11927,9927,12874,17378,9643,9299,11618.5,13938,18668,17098,17862,18166,12178,10031,13947,9119,11301,8984,11654
16860,14323,10234,11625,12718,13984,19939,15753,16142,12939,9826,15699,15230,7644,18810,8853,10155.5,19775,19474,16091,16484,9371,17745,8107,13524
17564,8932,12498,13330,13109,13894,15740,9521,8060,16189,18132,8738,9072.5,15168,8286,19519,14245,8639,17708,17541,17834,11565,10239,7743,12206.5,18275,9173,13991,16050,18929,12258,19276,16396.0,13516,11977,12531,10452.0,16341,15662,8656,13991,8412,18544
13386,19811,8645,12645,12857,12570,12762,18706,7820,8727,10791,18838,15621,17680,16583,19534,11694,15046,18214,11599.5,13635,9957,12067,11435,17081,15039,9537,14359,14886,13040.0,11194,19428,10414,18663,8569,8107
13067,15866,12582,9342,15491,12064,7691,12964,7507,8498.5,9836,16075,8659.5,11253,7518,12805,14799,13033,16335,7421,8831,17774,17395,8817,8096,19645,15252,13694,14407.5,15121,19231,19648,10354.5,11486,10472.5,17634,8654,10216,12844,18758,9723.5,12390,8421,13089,15569,16938,17881,11675,16851,19645,13913
16179,16248,16975,12627,12878,16311,18052,13680,18010,15863,17238,19340,17091.5,14843,17506,9896,9818,9759,7931.5,13883,13291,18060,16218.5,14377,11909,9583,12989
9684,11603,14937,9390,12696,12913,8068,11491,8379,10856,11504,10095.5,8687,12836,10414,18354,11261,16548,18334,8823,8116,16847,18742,18027,18484,8650,9898,15178,11455,8048
11333,8883,11345,14739,11424,12260,11252,16359,9017,15845,14336,7534,15007,12823,9103,9597,10709,16971,9004,16165,11839,12072,8438,10319,9061,9365,12908,8191,19365,15228.5,11092,14388,7673.0,14661,14022
9020,11610,10205,8774,15127,19488,12176,11033,16813,17990,17223,16957,15000,9723,8331,17950,17326,14791,10664.5,15862,18541,14107,9949,16059,17370.0,18681,16218,9311,7705,15995,19111,9875.0,17136,19682,15986,17427,19492
16348,15976,15574,13027,10423,8922,10356,15393,7781,13731,11758,14065.5,16373,16845,15481,10040,16376,12298,9065
8739,16341,14350,10378,7924,16989,9744,9494,15555,9853,9215,10418,12155,12642.0,13129,10947,18562
18009,18449,14613,15070,14789,9175,19822,13624,19044,7682,19664,8260,16174,10130,9621
15122,12798,11901,8397,16052,10162,17352,10809,7520,10784.5,14049,17992,14714,14912,12810,12650,11888,12878.5,13869,18455,7864,19676,18090.5,16505,14059,16775,11317,15000,9953,12554,7678,16334,16810,13365,13614,13262,8659,13294
17852,11947,15182,15952,14744,11290,13461,16791,17342,14284,18773,10043,11731,19340,17635,10089,17189,18356,10801.5,15747,12073,11320,8460,15284
11645,18343,16214,14430,9645,13001,9497,18414,9492,11885,17406,18748,15063,17894,7821,15587,8495
10382,18317,17205,12923,14371,11609,12509,15419.5,18330,7798,7577.5,10731,8464,11727,7977.0,11555,12876,13717,7503,12569,16049.5,19530,9269,10537,12833,15362,9271,13519,8942,16829,17892,15016,11935,11719,8911,17236,11267,13592,10572,12267.5,19044,15038,17076,11055,11399.0,11743
7811,11274,11069,13765,12318,13537,12606,12852,18763,17794,10876,9376.5,15223,8256,12215.0,19549,7590,13140,7432.5,16748,17120,18460,16396.5,14333,13100,13466.5,13833,10272,11717,10452,12730,13918.0,15106,15750,9508.5,17411,11880,10203
13747,9940,10467,14656,18964,11144,18038,7464,7497,11849,12674,14395,19228,18213,18853.0,19493,11867,13103,19261,15006,16501,13162,8128,18090,19194,16562,13348,12155.5,10963,12142,11967.0,11792,17483,14928.5,12374,8345,9941,14062,14947,7486.0,11047,15996,12432,15755,17762,15119,9455,17581,18271,7872,15196,17484,19412,9107,9578
9846,11239,15707,11656,9136,18908,18119,14988,16717,15717,13624,14109.0,14594,12615.0,10636,18798,16687,9360,13730,13217,10225,13319
14548,14154,13757,10497,12148,15580,19164,12315,19750,8232,19689,13613,10654,17389
14302,12816,10106,16584,18087,9792,14248,12405,15746,15888,9643,11142.0,12641,9484,7924,14514,16573,19372,8294,16225,8006,10666,14974,19960,16173,9226.5,14874,17024.0,19174,15346.0,11518,10297.5,15141,15812.5,16484,14849,16545,18687,16972.5,15258,13003,9264,7882.0,19779,15243,9708,9033,7782,16773,13343
11418,15666,19963,8083,19195,12037,7788,17974,11130.5,10267,11057,8509,8680,19642,7541,12856.5,18172,17615.0,17058,19688,9923,10326,13727,17784,17693,8265,15289,10605,15210,9138
10113,17116,12856,17467,9984,18545,18370,17212,19194,11859,13651.5,15444,11647.5,7851,16945,11338,13733,13581,10579,12500,15992,10068,17468,9582,18913,8003,8772,12892,17599,14333,10783,11006,13771,10122,11187,8279,17782,9975,17750,17640,12359,15850,7402,14978,17045,10922,7518,13159,15917,18397,15002
15404,13166,9248,15425,11202,14011,15446,14369,11977,15397,16560,12895,12197,14414,8703
8235,10466,14035,13506,10314,11174,12648,19767,14462,11519,18254,7610,10426,16536,19022,15107,7397,14082,19763,19130,9964,10718,11754.5,18102,10566,15460,19609,13488,16038,7724,9650.5,12183,10678,17662,10603,14421
16578,15802,18344,12310,10519,12337.0,14155,7944,12289,7428,9836,17547,10577,14679
17834,12844,15492,17020,8618,15263,7677,18659,16695,9740.5,8123,13909,18007,10437,16625,18389,18200,16357,15841,11179.5,16735,16435,14733,14016,15637,14610,9902,16862,8293,19714,15411,16236.0,17061,18474,19515,16738,14340,10962,17163,11566,14933
10990,13946,17973,11698,8361,17958,16652,17306,11527,9338.5,11990,7899,12790,7524,16958,12677,11555,13815,9574.0,10499,12494,9511,16190,11651.5,12897,19838,12570,8851,11864,11590,17359,13932,11824,8351,13453,19290,14813,10547,11758,11405,11026.5,10648,8013,11169,13631
8646,11945,8653,11427,18551,12916,15304,19475,7445,15122,14763,17244,19405,9067,16871,19137,12694,13329,11576,9942,14025.5,18109,10657,14413,13013,14633,17930,7922,17958,8385,13530,17541,11232,16596,17800,16818,13057.5,9297,11417,16546,18151,19387,16546,12906,19114,11302
12875,9629,10995,12332,10671,10402,19446,12859,14420,7400,19169,9519,12129.5,14740,17292,16961,8092,15240,12710,12335,12395,12197,10052,17940,8938,12544.5,16151,13804.5,11458,18535,14582,8339,17201,14670,14136,8401,16573,17940.5,19308,16749,7794,8465,9686.0,10907,15193,9751,16870,12123,11591,17374,17373,13614,16743,19633,19257,14380
18334,14521,9368,19465,11210,9622,8193,18708,17087,11217,13681,19921,16599,19750,13628,7923.0,7790.0,13667,8001,16733,16996,19308,13399,15836,12893,16321,16929,19200,19889,19426
15304,8035,15053,7899,18471,11473,9266,9490,9280.5,9071,9560.5,11814,10489,9848.0,19083,11000,7538,11961,10657,16187,18271,9956,12919,8310,12391,18426,16765,15924,8901,17568,19167,16291,16660,17960,10165,10973
17773,16978,17109,8602,8539,14380,19471,9183,16698,16655,9741,14615,12547.0,10479,19607,16693
16352,10123,17653,13720,13129,11711,16098,11638,9885.0,8132,18609,15179.0,11749,19856,17489.0,15122,14130,12285.0,10440,10818,15384,11017,9249,9651.0,10053,17377,16612.5,15848,7856,15181,19171,16743,13992,8873,16003,18694,12447,15521,11243,15271.5,19300,15786,8627,14699,15503,14452,14743,7713,8305,15212,18983
14850,12141,9897,7460,14868,13933,15572,8779.5,11501.5,19887,18031,13772,7700.0,10030,9749
14336,8568,14779,13673,9218,17892,18315,9695,14009,16189.0,18369,9165,15196,9882.0,17207,18767,12605,10736,11251.5,11767,17522,15541,11582,15838,17077
12383,16527,19804,10233,12240,12168,9029,15881,7758,19667,9329,17445,16551,8860,11996,19599,17094,9722,17774,8047,11791,9710,18901,12505.0,16815,12553,15650,12956,19010,15988,13874,13139,14035,10398,15216,18559,12786,8335,12430,19545,11526,15058
10924,13421,7704,12332,8956,11574,8485,10743,17715,18074,10343,11971,16829,7650,17389,18808
16631,7552,11795,14577,9878,10974,11301,17740,17672,15450,19781,12184,12150,9106,11870,19751,10391,9172,13783,13601,14085.5,14570,13712,10568.5,7425,16726,7799.5,14723,14577,14213,7594,15910
19429,19361,11780,14318,15460,18003,10063,7402,18504,12010,16555,19706,15556,14973,15144,11845,15878,10703,16208,10136,10107,10096,11548
12391,11533,15348,9432,14572,8661,13758,17921,19981,18439,18937,14549,9978,10403.5,10829,10541,18649,16894,15889,13244,11348,12515.5,13683,11934,9781,8716,16642,9388,7851,8807,10977,12224,14508,18639,10802,18555,16053,13151,10929.5,15323,13782,18279,16995,13044,10757,9460,18569,18228
16506,12173,11249,8303,7730,18185,14875,17965,10533.0,18494,8303,17089,12733.5,8378,11384,17389,11662.5,9968,7869,13419,19141,8303,19105,12072
10122,19259,16488,18416,10925,9478,12776,8844,17516,8620,7580,13757,13445,11385,17138,9388,17606,19639,8060,15443,12705,13615,7677,13485,18426,13917,10179
17173,17842,8968,12168,10496,11230,16010,18721,11221,15656,11052,17895,8205,17037,19428,13636,16549,18627,11742,16358
11976,11449,19982,13626,8901,9012,8267,14204,9246.0,15652,19471,11960,9026.5,12486,8110,7719.0,14697,16676,10974.0,8691,19064,9662.5,18285,9075,13855,7746,16333,12266,11781,17541,16160,8143,10653.5,13164,14365,18655,11111,12026,13638,17487,13634.0,9781,8849,8533,17212,15063,19287,14795,9679
19736,10552,18200,8683,8800,8187,14017,8313.5,15323,7642,17163,19122,16801
17119,19377,18980,14427,8719,15412,7976,18552,8532,19138,11799,16961,19503,15154,10218,7850,7925,13128,10663.0,8198,9336,9172,16358,18133,9255,12600,16771,17659.5,18548,15284,10999,11241,18487,12910,11397,10529,11625,15259
18472,10555,12738,8154,18371,18983,10088,14315,15710,12526,12269.0,17840,13219.5,19187,8016,11943,12384
9976,19718,16538,15926,14779,12283,7886,19343,13387,13186,11123,13191,8602,17638,14708,9740,13298,18951,12340,14369,7827,7615,12007,13993,9242,13577,16018,18452,19040,15977,8426,11727,11489,18497,18347,14917,8719,10520,18346,19739,12292,16946
17228,8490,7919,14729,8418,16093,13660,16269,9274,17779,11285,7882,16344,12843,7480,11375,10487,13336.5,16186,19736,17639,16246,17032,14718,13832,18592,19849,18948,11847,16890,12972,14403,10097,15010
11008,13811,17863,8047,16869,7410,19061,8864,10149,10089,13674,15425,14796,9598,15884,17127,11290,13321,9842,9121,10966,12582.5,19826,7642,9928,13259,18968,15528,10422,13429,18178,10529,14573.0,18617,17782,14705,15527,16549,19480,12111,14772,10047,11446,12632,19621,17763,8898,8203,15850,11185,8499,19600
12319,12889,15236,11809,12142,7895,16310,17033,13079,19933,8524,14275,10834,8471,13469,19288,10147,9927,9196,10466,10694.5,15996,10325,15824,18238,18429,19060,8539
11868,7994,10628,15796,17668,19081,15631,14327,10089.0,17323,11332,10626,19807,19498,8022,18704,8526,18138,17038.0,15938,11573,10348,12508.0,14668,17185,10373,14338,7430,18398,18997,7508,15212,11972,13211,9444,16741,15269,17410,14122,12703,9297,16402,13020,14964,17676,18054,15135,17464,16566,11772,12923
16074,15003,12323,10441,18690,13896,11534,10441,9812,19856,8374,9107,19827,14152,11159,15034.0,18909,13806,11193,16885,16608,17448,14720,11109,9959,15611,10128,10938,8558,9262,13522
9429,9009,16954,12508,14647,15228,10173,13059,10216,15882,16282,10099,9568,19544,8319,12659,10280,17322,9268,15115,10957,15899,13620,13108,13199,13675,16189,15900,7808,10172,16023,19363,16234,8554,15095,19283,8885,18989,19978,16513,14838,16419,13682,14416,16593,12421,14372
11240,18337,17589,8605,12663,12898,12349,8494,8601,18311,10948.5,9371,13415.0,17459,17886,8266,16292,13299.0,10306,17795,14276.5,10758,8120,19963,16467,17343,13193,8898,19247,17509,17991,11414,7716.0,10009,13292,12616,12829,14461,10132,11006,16781,17119,19646
19441,7943,8353,15338,18748,13832,17178,12558,11169,11707,7438,8950,16409,10907,11146,12042.0,18373,19029,9094,11987,15666.0,19345,13906,13283.5,12661,13247,16460,16956,13266,13766,19916,14706,14380,11421,7846,11021
9402,7575,15481,18307,11866,14572,18319,19808,18444,8313,16815,18727,16301.5,13876,12295,14772,10701,17096,13929,13487.0,13045,15785,15915,16781,12561,12933,11202,14748,8801,8815,9688,15220,11387,9596,8607,12153,11204,18010
